1 256 0 256
2 3352 0 3352
3 6088 0 6088
4 6344 0 6344
5 6344 0 6344
6 6344 0 6344
7 8972 0 8972
8 12000 0 12000
9 16040 0 16040
10 21424 0 21424
11 28604 0 28604
12 38176 0 38176
13 50940 0 50940
14 67324 0 67324
15 79924 3784 83708
16 96272 3820 100092
17 112604 3872 116476
18 128968 3892 132860
19 145340 3904 149244
20 161724 3904 165628
21 194476 3920 198396
22 227220 3944 231164
23 259964 3968 263932
24 292708 3992 296700
25 325452 4016 329468
26 358196 4040 362236
27 407332 4056 411388
28 456436 4104 460540
29 505580 4112 509692
30 554724 4120 558844
31 620268 4112 624380
32 685804 4112 689916
33 751340 4112 755452
34 820988 0 820988
35 886524 0 886524
36 886524 0 886524
37 886524 0 886524
38 886524 0 886524
39 902908 0 902908
40 902908 0 902908
41 902908 0 902908
42 902908 0 902908
43 919292 0 919292
44 919292 0 919292
45 919292 0 919292
46 919292 0 919292
47 935676 0 935676
48 935676 0 935676
49 935676 0 935676
50 935676 0 935676
51 952060 0 952060
52 952060 0 952060
53 952060 0 952060
54 968444 0 968444
55 968444 0 968444
56 968444 0 968444
57 968444 0 968444
58 984828 0 984828
59 984828 0 984828
60 984828 0 984828
61 984828 0 984828
62 1001212 0 1001212
63 1001212 0 1001212
64 1001212 0 1001212
65 1017596 0 1017596
66 1017596 0 1017596
67 1017596 0 1017596
68 1033980 0 1033980
69 1033980 0 1033980
70 1033980 0 1033980
71 1050364 0 1050364
72 1050364 0 1050364
73 1050364 0 1050364
74 1050364 0 1050364
75 1066748 0 1066748
76 1066748 0 1066748
77 1066748 0 1066748
78 1083132 0 1083132
79 1083132 0 1083132
80 1083132 0 1083132
81 1099516 0 1099516
82 1099516 0 1099516
83 1099516 0 1099516
84 1115900 0 1115900
85 1115900 0 1115900
86 1115900 0 1115900
87 1132284 0 1132284
88 1132284 0 1132284
89 1148668 0 1148668
90 1148668 0 1148668
91 1148668 0 1148668
92 1165052 0 1165052
93 1165052 0 1165052
94 1165052 0 1165052
95 1181436 0 1181436
96 1181436 0 1181436
97 1197820 0 1197820
98 1197820 0 1197820
99 1197820 0 1197820
100 1214204 0 1214204
101 1214204 0 1214204
102 1214204 0 1214204
103 1230588 0 1230588
104 1230588 0 1230588
105 1246972 0 1246972
106 1246972 0 1246972
107 1263356 0 1263356
108 1263356 0 1263356
109 1263356 0 1263356
110 1279740 0 1279740
111 1279740 0 1279740
112 1296124 0 1296124
113 1296124 0 1296124
114 1312508 0 1312508
115 1312508 0 1312508
116 1312508 0 1312508
117 1328892 0 1328892
118 1328892 0 1328892
119 1345276 0 1345276
120 1345276 0 1345276
121 1361660 0 1361660
122 1361660 0 1361660
123 1378044 0 1378044
124 1378044 0 1378044
125 1394428 0 1394428
126 1394428 0 1394428
127 1410812 0 1410812
128 1410812 0 1410812
129 1427196 0 1427196
130 1427196 0 1427196
131 1443580 0 1443580
132 1443580 0 1443580
133 1459964 0 1459964
134 1459964 0 1459964
135 1476348 0 1476348
136 1476348 0 1476348
137 1492732 0 1492732
138 1492732 0 1492732
139 1509116 0 1509116
140 1509116 0 1509116
141 1525500 0 1525500
142 1541884 0 1541884
143 1541884 0 1541884
144 1558268 0 1558268
145 1558268 0 1558268
146 1574652 0 1574652
147 1574652 0 1574652
148 1591036 0 1591036
149 1607420 0 1607420
150 1607420 0 1607420
151 1623804 0 1623804
152 1623804 0 1623804
153 1640188 0 1640188
154 1656572 0 1656572
155 1656572 0 1656572
156 1672956 0 1672956
157 1672956 0 1672956
158 1689340 0 1689340
159 1705724 0 1705724
160 1705724 0 1705724
161 1722108 0 1722108
162 1738492 0 1738492
163 1738492 0 1738492
164 1754876 0 1754876
165 1771260 0 1771260
166 1771260 0 1771260
167 1787644 0 1787644
168 1805052 0 1805052
169 1805052 0 1805052
170 1821436 0 1821436
171 1837820 0 1837820
172 1837820 0 1837820
173 1854204 0 1854204
174 1870588 0 1870588
175 1886972 0 1886972
176 1886972 0 1886972
177 1903356 0 1903356
178 1919740 0 1919740
179 1936124 0 1936124
180 1936124 0 1936124
181 1952508 0 1952508
182 1968892 0 1968892
183 1985276 0 1985276
184 1985276 0 1985276
185 2001660 0 2001660
186 2018044 0 2018044
187 2034428 0 2034428
188 2050812 0 2050812
189 2050812 0 2050812
190 2067196 0 2067196
191 2083580 0 2083580
192 2099964 0 2099964
193 2116348 0 2116348
194 2132732 0 2132732
195 2132732 0 2132732
196 2149116 0 2149116
197 2165500 0 2165500
198 2181884 0 2181884
199 2198268 0 2198268
200 2214652 0 2214652
201 2231036 0 2231036
202 2247420 0 2247420
203 2247420 0 2247420
204 2263804 0 2263804
205 2280188 0 2280188
206 2296572 0 2296572
207 2312956 0 2312956
208 2329340 0 2329340
209 2345724 0 2345724
210 2362108 0 2362108
211 2378492 0 2378492
212 2394876 0 2394876
213 2411260 0 2411260
214 2427644 0 2427644
215 2444028 0 2444028
216 2460412 0 2460412
217 2476796 0 2476796
218 2493180 0 2493180
219 2509564 0 2509564
220 2525948 0 2525948
221 2542332 0 2542332
222 2558716 0 2558716
223 2575100 0 2575100
224 2591484 0 2591484
225 2607868 0 2607868
226 2624252 0 2624252
227 2640636 0 2640636
228 2673404 0 2673404
229 2689788 0 2689788
230 2706172 0 2706172
231 2722556 0 2722556
232 2738940 0 2738940
233 2755324 0 2755324
234 2771708 0 2771708
235 2804476 0 2804476
236 2820860 0 2820860
237 2837244 0 2837244
238 2853628 0 2853628
239 2870012 0 2870012
240 2902780 0 2902780
241 2919164 0 2919164
242 2935548 0 2935548
243 2951932 0 2951932
244 2984700 0 2984700
245 3001084 0 3001084
246 3017468 0 3017468
247 3050236 0 3050236
248 3066620 0 3066620
249 3083004 0 3083004
250 3099388 0 3099388
251 3148540 0 3148540
252 3197692 0 3197692
253 3230460 0 3230460
254 3263228 0 3263228
255 3312380 0 3312380
256 3345148 0 3345148
257 3394300 0 3394300
258 3443452 0 3443452
259 3705596 0 3705596
260 3738364 0 3738364
261 3754748 0 3754748
262 3787516 0 3787516
263 3803900 0 3803900
264 3836668 0 3836668
265 3853052 0 3853052
266 3885820 0 3885820
267 3918588 0 3918588
268 3937020 0 3937020
269 4068092 0 4068092
270 4068092 0 4068092
271 4068092 0 4068092
272 4068092 0 4068092
273 4068092 0 4068092
274 4068092 0 4068092
275 4068092 0 4068092
276 4068092 0 4068092
277 3955304 112788 4068092
278 3954828 113264 4068092
279 3951344 116748 4068092
280 3951344 116748 4068092
281 3951344 116748 4068092
282 3951344 116748 4068092
283 3951344 116748 4068092
284 3951344 116748 4068092
285 3951344 116748 4068092
286 3951344 116748 4068092
287 3951344 116748 4068092
288 3951344 116748 4068092
289 3951344 116748 4068092
290 3934984 133108 4068092
291 3934984 133108 4068092
292 3934984 133108 4068092
293 3934984 133108 4068092
294 3934984 133108 4068092
295 4068092 0 4068092
296 4068092 0 4068092
297 4068092 0 4068092
298 4068092 0 4068092
299 4068092 0 4068092
300 4068092 0 4068092
301 4068092 0 4068092
302 4068092 0 4068092
303 4068092 0 4068092
304 4068092 0 4068092
305 3928520 139572 4068092
306 3928520 139572 4068092
307 3928520 139572 4068092
308 3928520 139572 4068092
309 3928520 139572 4068092
310 3929420 138672 4068092
311 3928768 139324 4068092
312 3927208 140884 4068092
313 3924376 143716 4068092
314 3921516 146576 4068092
315 3918744 149348 4068092
316 4068092 0 4068092
317 4068092 0 4068092
318 4068092 0 4068092
319 4068092 0 4068092
320 4068092 0 4068092
321 4068092 0 4068092
322 4068092 0 4068092
323 4068080 12 4068092
324 3945948 122144 4068092
325 3944400 123692 4068092
326 3940116 127976 4068092
327 3936868 131224 4068092
328 3932680 135412 4068092
329 3929296 138796 4068092
330 3924664 143428 4068092
331 3921184 146908 4068092
332 3917028 151064 4068092
333 3913976 154116 4068092
334 3909444 158648 4068092
335 3906160 161932 4068092
336 3900168 167924 4068092
337 3895568 172524 4068092
338 4068092 0 4068092
339 4068092 0 4068092
340 4068092 0 4068092
341 4068092 0 4068092
342 4068092 0 4068092
343 4068092 0 4068092
344 4068092 0 4068092
345 4068092 0 4068092
346 3917160 150932 4068092
347 3913176 154916 4068092
348 3909848 158244 4068092
349 3904684 163408 4068092
350 3899228 168864 4068092
351 3891252 176840 4068092
352 3883456 184636 4068092
353 3874476 193616 4068092
354 3873528 194564 4068092
355 3869560 198532 4068092
356 3867328 200764 4068092
357 3863532 204560 4068092
358 3861072 207020 4068092
359 4068092 0 4068092
360 4068092 0 4068092
361 4068092 0 4068092
362 4068092 0 4068092
363 4068092 0 4068092
364 4068092 0 4068092
365 4068092 0 4068092
366 4068092 0 4068092
367 3871100 196992 4068092
368 3868392 199700 4068092
369 3865008 203084 4068092
370 3861424 206668 4068092
371 3858524 209568 4068092
372 3854820 213272 4068092
373 3851104 216988 4068092
374 3844048 224044 4068092
375 4068092 0 4068092
376 4068092 0 4068092
377 4068092 0 4068092
378 4068092 0 4068092
379 4068092 0 4068092
380 4068092 0 4068092
381 4068092 0 4068092
382 4068092 0 4068092
383 3575680 492412 4068092
384 3573792 494300 4068092
385 3655012 414740 4069752
386 3741764 327988 4069752
387 3765208 304544 4069752
388 3789320 280432 4069752
389 3813772 255980 4069752
390 3838816 230936 4069752
391 3864516 205236 4069752
392 3891004 178748 4069752
393 3916132 153620 4069752
394 3943848 125904 4069752
395 3945912 123840 4069752
396 3974252 95500 4069752
397 3974768 94984 4069752
398 3974768 94984 4069752
399 3974768 94984 4069752
400 3974768 94984 4069752
401 3974768 94984 4069752
402 3976348 94984 4071332
403 3976348 94984 4071332
404 3891056 180276 4071332
405 3890092 181240 4071332
406 3870932 200400 4071332
407 3870628 200704 4071332
408 3870420 200912 4071332
409 3869868 201464 4071332
410 3869352 201980 4071332
411 3872484 201980 4074464
412 3872484 201980 4074464
413 3872484 201980 4074464
414 3872484 201980 4074464
415 3872656 201808 4074464
416 3872656 201808 4074464
417 3861068 213396 4074464
418 1079904 2994560 4074464
419 275224 3799240 4074464
420 236 4074228 4074464
421 236 4074228 4074464
422 3203588 870876 4074464
423 3275484 798980 4074464
424 3318504 755960 4074464
425 3302976 771488 4074464
426 3302976 771488 4074464
427 3302976 771488 4074464
428 3302976 771488 4074464
429 3302976 771488 4074464
430 3302976 771488 4074464
431 3302976 771488 4074464
432 3155180 919284 4074464
433 3155180 919284 4074464
434 3155180 919284 4074464
435 3155180 919284 4074464
436 3155180 919284 4074464
437 3155180 919284 4074464
438 3155180 919284 4074464
439 3155180 919284 4074464
440 3155180 919284 4074464
441 3155180 919284 4074464
442 3155180 919284 4074464
443 3155180 919284 4074464
444 3155588 918876 4074464
445 3155248 919216 4074464
446 3155032 919432 4074464
447 3154168 920296 4074464
448 3153284 921180 4074464
449 3152376 922088 4074464
450 3150424 924040 4074464
451 3148948 925516 4074464
452 3146388 928076 4074464
453 3144712 929752 4074464
454 3142412 932052 4074464
455 3475116 599348 4074464
456 3466048 608416 4074464
457 3466048 608416 4074464
458 3466048 608416 4074464
459 3466048 608416 4074464
460 3466048 608416 4074464
461 3466048 608416 4074464
462 3466048 608416 4074464
463 3339440 735024 4074464
464 3339256 735208 4074464
465 3338964 735500 4074464
466 3339228 735236 4074464
467 3337488 736976 4074464
468 3334692 739772 4074464
469 3332744 741720 4074464
470 3330288 744176 4074464
471 3327516 746948 4074464
472 3324628 749836 4074464
473 3322312 752152 4074464
474 3319356 755108 4074464
475 3316044 758420 4074464
476 3312496 761968 4074464
477 3309608 764856 4074464
478 3306340 768124 4074464
479 3302968 771496 4074464
480 3298980 775484 4074464
481 3294944 779520 4074464
482 3617520 456944 4074464
483 3617520 456944 4074464
484 3617520 456944 4074464
485 3617520 456944 4074464
486 3617520 456944 4074464
487 3617520 456944 4074464
488 3617520 456944 4074464
489 3617520 456944 4074464
490 3475448 599016 4074464
491 3472492 601972 4074464
492 3469240 605224 4074464
493 3466612 607852 4074464
494 3463956 610508 4074464
495 3459672 614792 4074464
496 3455808 618656 4074464
497 3450832 623632 4074464
498 3446284 628180 4074464
499 3438884 635580 4074464
500 3433580 640884 4074464
501 3426008 648456 4074464
502 3755272 319192 4074464
503 3755272 319192 4074464
504 3755272 319192 4074464
505 3755272 319192 4074464
506 3755272 319192 4074464
507 3755272 319192 4074464
508 3755272 319192 4074464
509 3755272 319192 4074464
510 3582604 491860 4074464
511 3578048 496416 4074464
512 3572884 501580 4074464
513 3565436 509028 4074464
514 3557732 516732 4074464
515 3555664 518800 4074464
516 3552428 522036 4074464
517 3883348 191116 4074464
518 3883348 191116 4074464
519 3883348 191116 4074464
520 3883348 191116 4074464
521 3883348 191116 4074464
522 3883348 191116 4074464
523 3883348 191116 4074464
524 3883348 191116 4074464
525 3686504 387960 4074464
526 3683748 390716 4074464
527 3681148 393316 4074464
528 3676364 398100 4074464
529 3998704 75760 4074464
530 3998704 75760 4074464
531 3998704 75760 4074464
532 3998704 75760 4074464
533 3998704 75760 4074464
534 3998704 75760 4074464
535 3998704 75760 4074464
536 3998704 75760 4074464
537 3788596 285868 4074464
538 4074464 0 4074464
539 4074464 0 4074464
540 4074464 0 4074464
541 4074464 0 4074464
542 4074464 0 4074464
543 4074464 0 4074464
544 4074464 0 4074464
545 4074464 0 4074464
546 3553088 521376 4074464
547 3629780 444684 4074464
548 3751500 322964 4074464
549 3775140 299324 4074464
550 3799256 275208 4074464
551 3823764 250700 4074464
552 3848532 225932 4074464
553 3874648 199816 4074464
554 3900856 173608 4074464
555 3926780 147684 4074464
556 3954796 119668 4074464
557 3954796 119668 4074464
558 3954796 119668 4074464
559 3955312 119152 4074464
560 3955312 119152 4074464
561 3955312 119152 4074464
562 3955312 119152 4074464
563 3956452 118012 4074464
564 3952444 122020 4074464
565 3934652 139812 4074464
566 3862528 211936 4074464
567 3862528 211936 4074464
568 3862528 211936 4074464
569 3862528 211936 4074464
570 3862528 211936 4074464
571 3862528 211936 4074464
572 3862528 211936 4074464
573 3862528 211936 4074464
574 3867972 208544 4076516
575 3861864 214652 4076516
576 3861864 214652 4076516
577 3862216 214300 4076516
578 3862216 214300 4076516
579 3846776 229740 4076516
580 1657784 2418732 4076516
581 664252 3412264 4076516
582 272 4076244 4076516
583 272 4076244 4076516
584 3184748 891768 4076516
585 3255176 821340 4076516
586 3317684 758832 4076516
587 3301468 775048 4076516
588 3301468 775048 4076516
589 3301468 775048 4076516
590 3301468 775048 4076516
591 3301468 775048 4076516
592 3301468 775048 4076516
593 3301468 775048 4076516
594 3157196 919320 4076516
595 3157196 919320 4076516
596 3157196 919320 4076516
597 3157196 919320 4076516
598 3157196 919320 4076516
599 3157196 919320 4076516
600 3157196 919320 4076516
601 3157196 919320 4076516
602 3157196 919320 4076516
603 3157196 919320 4076516
604 3157196 919320 4076516
605 3157196 919320 4076516
606 3157296 919220 4076516
607 3157680 918836 4076516
608 3157244 919272 4076516
609 3156392 920124 4076516
610 3155588 920928 4076516
611 3153892 922624 4076516
612 3152556 923960 4076516
613 3150312 926204 4076516
614 3148452 928064 4076516
615 3146104 930412 4076516
616 3143756 932760 4076516
617 3141672 934844 4076516
618 3138516 938000 4076516
619 3468280 608236 4076516
620 3451136 625380 4076516
621 3451136 625380 4076516
622 3451136 625380 4076516
623 3451136 625380 4076516
624 3451136 625380 4076516
625 3451136 625380 4076516
626 3451136 625380 4076516
627 3321400 755116 4076516
628 3321400 755116 4076516
629 3321616 754900 4076516
630 3322068 754448 4076516
631 3319852 756664 4076516
632 3317304 759212 4076516
633 3315244 761272 4076516
634 3312548 763968 4076516
635 3309800 766716 4076516
636 3306884 769632 4076516
637 3304732 771784 4076516
638 3301416 775100 4076516
639 3298100 778416 4076516
640 3294492 782024 4076516
641 3291660 784856 4076516
642 3288476 788040 4076516
643 3284712 791804 4076516
644 3280504 796012 4076516
645 3600984 475532 4076516
646 3600984 475532 4076516
647 3600984 475532 4076516
648 3600984 475532 4076516
649 3600984 475532 4076516
650 3600984 475532 4076516
651 3600984 475532 4076516
652 3600984 475532 4076516
653 3457672 618844 4076516
654 3454436 622080 4076516
655 3451432 625084 4076516
656 3448724 627792 4076516
657 3445496 631020 4076516
658 3441952 634564 4076516
659 3437236 639280 4076516
660 3433992 642524 4076516
661 3426856 649660 4076516
662 3421312 655204 4076516
663 3414560 661956 4076516
664 3409104 667412 4076516
665 3740996 335520 4076516
666 3740996 335520 4076516
667 3740996 335520 4076516
668 3740996 335520 4076516
669 3740996 335520 4076516
670 3740996 335520 4076516
671 3740996 335520 4076516
672 3740996 335520 4076516
673 3566580 509936 4076516
674 3561844 514672 4076516
675 3556384 520132 4076516
676 3548600 527916 4076516
677 3545112 531404 4076516
678 3541800 534716 4076516
679 3538724 537792 4076516
680 3867384 209132 4076516
681 3867384 209132 4076516
682 3867384 209132 4076516
683 3867384 209132 4076516
684 3867384 209132 4076516
685 3867384 209132 4076516
686 3867384 209132 4076516
687 3867384 209132 4076516
688 3670164 406352 4076516
689 3667724 408792 4076516
690 3664164 412352 4076516
691 3659128 417388 4076516
692 3983164 93352 4076516
693 3983164 93352 4076516
694 3983164 93352 4076516
695 3983164 93352 4076516
696 3983164 93352 4076516
697 3983164 93352 4076516
698 3983164 93352 4076516
699 3983164 93352 4076516
700 3771176 305340 4076516
701 4076516 0 4076516
702 4076516 0 4076516
703 4076516 0 4076516
704 4076516 0 4076516
705 4076516 0 4076516
706 4076516 0 4076516
707 4076516 0 4076516
708 4076516 0 4076516
709 3553464 523052 4076516
710 3631916 444600 4076516
711 3751568 324948 4076516
712 3775344 301172 4076516
713 3799452 277064 4076516
714 3823848 252668 4076516
715 3848952 227564 4076516
716 3874984 201532 4076516
717 3901040 175476 4076516
718 3926812 149704 4076516
719 3955028 121488 4076516
720 3955480 121036 4076516
721 3955480 121036 4076516
722 3955996 120520 4076516
723 3955996 120520 4076516
724 3955996 120520 4076516
725 3955996 120520 4076516
726 3956952 119564 4076516
727 3953028 123488 4076516
728 3933964 142552 4076516
729 3863204 213312 4076516
730 3863204 213312 4076516
731 3863204 213312 4076516
732 3863204 213312 4076516
733 3863204 213312 4076516
734 3863204 213312 4076516
735 3863204 213312 4076516
736 3863204 213312 4076516
737 3868712 209856 4078568
738 3864324 214244 4078568
739 3864324 214244 4078568
740 3864536 214032 4078568
741 3864536 214032 4078568
742 3850100 228468 4078568
743 1619320 2459248 4078568
744 654544 3424024 4078568
745 268 4078300 4078568
746 268 4078300 4078568
